# Created by Octave 4.0.0, Thu Nov 12 16:19:55 2015 China Standard Time <unknown@PK2F5BC>
# name: model
# type: scalar struct
# ndims: 2
 1 1
# length: 6
# name: X
# type: matrix
# rows: 225
# columns: 2
 0.210829 0.866228
 0.75 0.791667
 0.761521 0.765351
 0.448157 0.819444
 0.233871 0.861842
 0.215438 0.858918
 0.116359 0.749269
 0.160138 0.777047
 0.293779 0.93348
 0.524194 0.9349420000000001
 0.782258 0.763889
 0.7661289999999999 0.756579
 0.720046 0.842836
 0.5449310000000001 0.929094
 0.337558 0.92617
 0.367512 0.908626
 0.710829 0.861842
 0.637097 0.910088
 0.593318 0.917398
 0.540323 0.910088
 0.404378 0.876462
 0.365207 0.898392
 0.314516 0.898392
 0.27765 0.895468
 0.263825 0.891082
 0.236175 0.875
 0.22235 0.86038
 0.18318 0.787281
 0.160138 0.753655
 0.162442 0.65424
 0.12788 0.630848
 0.185484 0.58845
 0.192396 0.625
 0.791475 0.749269
 0.37212 0.851608
 0.351382 0.863304
 0.3053 0.854532
 0.289171 0.834064
 0.353687 0.834064
 0.353687 0.82383
 0.268433 0.66155
 0.337558 0.525585
 0.360599 0.828216
 0.388249 0.822368
 0.404378 0.798977
 0.413594 0.788743
 0.450461 0.534357
 0.464286 0.538743
 0.485023 0.598684
 0.508065 0.63231
 0.514977 0.649854
 0.526498 0.660088
 0.558756 0.667398
 0.593318 0.67617
 0.641705 0.66155
 0.678571 0.63962
 0.703917 0.616228
 0.726959 0.586988
 0.738479 0.5577490000000001
 0.664747 0.696637
 0.508065 0.682018
 0.508065 0.6849420000000001
 0.747696 0.553363
 0.823733 0.585526
 0.623272 0.895468
 0.650922 0.891082
 0.692396 0.88231
 0.639401 0.877924
 0.549539 0.886696
 0.6324880000000001 0.915936
 0.952765 0.774123
 0.975806 0.777047
 0.851382 0.785819
 0.176267 0.86038
 0.464286 0.604532
 0.692396 0.651316
 0.567972 0.66155
 0.5656679999999999 0.648392
 0.563364 0.59576
 0.607143 0.622076
 0.58871 0.620614
 0.657834 0.529971
 0.703917 0.527047
 0.706221 0.516813
 0.701613 0.510965
 0.664747 0.535819
 0.6440090000000001 0.563596
 0.637097 0.607456
 0.6347930000000001 0.616228
 0.58871 0.619152
 0.551843 0.607456
 0.56106 0.594298
 0.669355 0.522661
 0.673963 0.524123
 0.664747 0.516813
 0.547235 0.578216
 0.254608 0.756579
 0.830645 0.532895
 0.150922 0.847222
 0.150922 0.749269
 0.213134 0.629386
 0.8053 0.6922509999999999
 0.828341 0.6922509999999999
 0.8559909999999999 0.689327
 0.975806 0.648392
 0.980415 0.636696
 0.89977 0.629386
 0.858295 0.679094
 0.941244 0.638158
 0.989631 0.638158
 0.987327 0.64693
 0.473502 0.689327
 0.180876 0.693713
 0.229263 0.567105
 0.201613 0.622368
 0.173963 0.620322
 0.508065 0.813158
 0.478111 0.772807
 0.478111 0.746491
 0.459677 0.746491
 0.459677 0.762281
 0.514977 0.818421
 0.478111 0.772807
 0.475806 0.730702
 0.436636 0.753509
 0.468894 0.764035
 0.355991 0.435965
 0.349078 0.411404
 0.381336 0.428947
 0.41129 0.474561
 0.404378 0.45
 0.395161 0.434211
 0.397465 0.423684
 0.408986 0.416667
 0.8053 0.47807
 0.830645 0.42193
 0.839862 0.441228
 0.823733 0.465789
 0.839862 0.499123
 0.839862 0.52193
 0.860599 0.586842
 0.812212 0.511404
 0.558756 0.414912
 0.5541469999999999 0.416667
 0.591014 0.441228
 0.620968 0.471053
 0.62788 0.47807
 0.6440090000000001 0.47807
 0.662442 0.474561
 0.680876 0.474561
 0.6324880000000001 0.474561
 0.58871 0.451754
 0.581797 0.432456
 0.570276 0.411404
 0.558756 0.40614
 0.5541469999999999 0.476316
 0.540323 0.472807
 0.528802 0.486842
 0.491935 0.465789
 0.517281 0.462281
 0.526498 0.458772
 0.540323 0.439474
 0.517281 0.435965
 0.496544 0.42193
 0.473502 0.416667
 0.487327 0.448246
 0.508065 0.45
 0.450461 0.455263
 0.475806 0.435965
 0.473502 0.420175
 0.457373 0.411404
 0.450461 0.409649
 0.487327 0.458772
 0.538018 0.572807
 0.176267 0.407895
 0.146313 0.402632
 0.10023 0.444737
 0.261521 0.535965
 0.252304 0.553509
 0.226959 0.7921049999999999
 0.247696 0.834211
 0.273041 0.858772
 0.291475 0.862281
 0.22235 0.813158
 0.224654 0.797368
 0.203917 0.7745610000000001
 0.185484 0.755263
 0.206221 0.728947
 0.224654 0.6605259999999999
 0.203917 0.648246
 0.199309 0.655263
 0.254608 0.665789
 0.243088 0.635965
 0.233871 0.618421
 0.240783 0.613158
 0.273041 0.625439
 0.374424 0.5289469999999999
 0.563364 0.804386
 0.740783 0.735965
 0.687788 0.802632
 0.687788 0.820175
 0.669355 0.837719
 0.6555299999999999 0.844737
 0.584101 0.8394740000000001
 0.547235 0.772807
 0.567972 0.842982
 0.581797 0.869298
 0.595622 0.871053
 0.625576 0.869298
 0.648618 0.8570179999999999
 0.6670509999999999 0.8570179999999999
 0.706221 0.82193
 0.961982 0.579825
 0.927419 0.592105
 0.927419 0.572807
 0.915899 0.557018
 0.915899 0.557018
 0.879032 0.42193
 0.874424 0.407895
 0.904378 0.560526
 0.890553 0.444737
 0.874424 0.507895
 0.897465 0.527193
 0.985023 0.579825
 0.989631 0.425439


# name: y
# type: matrix
# rows: 225
# columns: 1
 1
 1
 1
 1
 1
 1
 1
 1
 1
 1
 1
 1
 1
 1
 1
 1
 1
 1
 1
 1
 1
 1
 1
 1
 1
 1
 1
 1
 1
 1
 1
 1
 1
 1
 -1
 -1
 -1
 -1
 -1
 -1
 -1
 -1
 -1
 -1
 -1
 -1
 -1
 -1
 -1
 -1
 -1
 -1
 -1
 -1
 -1
 -1
 -1
 -1
 -1
 -1
 -1
 -1
 -1
 -1
 1
 1
 1
 1
 1
 1
 1
 1
 1
 1
 -1
 -1
 -1
 -1
 1
 1
 1
 1
 1
 1
 1
 1
 1
 1
 1
 1
 1
 1
 1
 1
 1
 1
 -1
 -1
 1
 1
 1
 -1
 -1
 -1
 -1
 -1
 -1
 -1
 -1
 -1
 -1
 -1
 1
 1
 1
 1
 1
 1
 1
 1
 1
 1
 1
 1
 1
 1
 -1
 -1
 -1
 -1
 -1
 -1
 -1
 -1
 -1
 -1
 -1
 -1
 -1
 -1
 -1
 -1
 -1
 -1
 -1
 -1
 -1
 -1
 -1
 -1
 -1
 -1
 -1
 -1
 -1
 1
 1
 1
 1
 1
 1
 1
 1
 1
 1
 1
 1
 1
 1
 1
 1
 1
 1
 1
 1
 1
 1
 1
 1
 -1
 -1
 -1
 -1
 -1
 -1
 -1
 -1
 -1
 -1
 -1
 -1
 -1
 -1
 -1
 -1
 -1
 -1
 -1
 -1
 -1
 -1
 -1
 -1
 -1
 -1
 -1
 -1
 -1
 -1
 -1
 -1
 -1
 1
 1
 1
 1
 1
 1
 1
 1
 1
 1
 1
 1
 1


# name: kernelFunction
# type: function handle
@<anonymous>
@(x1, x2) gaussianKernel (x1, x2, sigma)
# length: 1
# name: sigma
# type: scalar
0.1




# name: b
# type: scalar
0.4046289748122653


# name: alphas
# type: matrix
# rows: 225
# columns: 1
 2.775557561562891e-017
 1
 1
 5.551115123125783e-017
 1
 0.9886283604413438
 2.775557561562891e-017
 1
 1.387778780781446e-017
 1.040834085586084e-017
 1
 1
 1
 6.938893903907228e-018
 1.734723475976807e-018
 1
 1
 1
 0.6765302426962089
 5.551115123125783e-017
 1
 1
 1
 1
 1
 0.7683420094555597
 1
 1
 1
 1
 1.561251128379126e-017
 6.938893903907228e-018
 1
 1
 1
 1
 0.9999999999999999
 1.387778780781446e-017
 0.5143667863473912
 0.00036553538382917
 2.775557561562891e-017
 1.387778780781446e-017
 1
 1
 1
 1
 1
 1
 1
 1
 1
 1
 0.8021060337123606
 6.938893903907228e-018
 1
 1
 1
 1
 1
 1.387778780781446e-017
 0.7941708699526435
 1
 0.006978987741707758
 1.387778780781446e-017
 1
 0.9999999999999999
 1
 1
 1
 0.6884477290274676
 1
 1
 4.163336342344337e-017
 2.775557561562891e-017
 5.551115123125783e-017
 0.9566510337933369
 1
 0.9999999999999999
 0.971473181729455
 1
 1
 0.2895499505486696
 1
 1
 1
 1
 5.551115123125783e-017
 1
 1
 1
 1
 1
 1
 1
 1
 1.387778780781446e-017
 0.000646656165410292
 0.9948156426141076
 2.775557561562891e-017
 0.9202512663366913
 1
 0.2191671511645465
 1
 0.8626040974004019
 1
 1
 0.970815666812249
 4.336808689942018e-018
 1
 0.9999999999999999
 1
 1
 1
 0.8978755086118297
 1
 2.42861286636753e-017
 1
 1
 1
 0.9999999999999999
 1
 1
 1
 1
 1
 1
 5.551115123125783e-017
 2.081668171172169e-017
 1
 1
 1
 1
 1
 1
 1.387778780781446e-017
 1
 1
 1
 0.9999999999999999
 1
 0.7197291015940406
 1.387778780781446e-017
 1
 1
 1
 1
 1
 1
 1
 0.4424947947422543
 1
 1
 1
 0.9999999999999999
 1
 1
 0.9994330513228302
 6.938893903907228e-018
 4.163336342344337e-017
 2.42861286636753e-017
 1
 1
 1
 0.9972397277823739
 0.86430253791259
 5.204170427930421e-017
 0.0008103994438866113
 1
 1
 1
 1
 1
 0.06022172700450021
 1
 0.2604210782179578
 0.008425215611831564
 0.0005695774472661078
 1
 1
 0.3030413374383055
 0.9999999999999999
 1
 1
 1
 1
 1
 1
 1
 1
 1
 0.9999999999999999
 2.775557561562891e-017
 1
 1
 1
 0.2172239319105146
 2.775557561562891e-017
 0.7935742996311007
 0.9999999999999999
 0.2673662027717331
 1
 1
 1
 1
 1
 1
 1
 1
 1
 1
 1
 1
 1
 1
 1
 1
 1
 1
 1
 1
 0.4020174047712858
 1
 0.07157916081418127
 1
 5.551115123125783e-017


